422
605
422
607
424
606
422
608
422
604
425
606
426
606
424
605
420
606
421
608
429
607
425
608
421
606
421
603
426
606
430
608
421
606
421
606
423
606
428
608
425
607
422
605
421
608
426
609
428
606
421
607
425
604
423
606
427
607
424
606
420
606
424
605
425
609
425
603
419
606
421
607
427
605
427
608
421
604
420
604
424
608
428
610
425
607
422
603
421
607
427
606
426
606
423
605
421
607
424
612
428
606
420
606
421
606
419
607
425
608
426
606
422
608
422
605
426
609
427
607
421
604
423
609
426
607
426
608
420
605
421
604
428
607
426
608
421
605
420
604
423
605
425
606
418
606
423
605
425
608
428
608
425
607
422
605
422
604
424
605
426
607
421
607
420
605
425
607
425
607
422
603
421
609
427
605
425
607
425
607
423
603
421
608
428
606
428
610
424
606
422
606
426
606
426
606
423
606
423
607
423
608
429
608
427
608
420
605
420
606
425
608
429
608
424
609
423
605
422
606
425
606
424
605
421
606
421
605
425
605
424
607
419
604
422
606
423
607
425
610
425
606
423
605
420
606
425
605
424
606
422
607
422
608
428
609
424
605
422
605
423
609
429
608
426
607
423
607
426
607
425
607
428
607
423
607
422
607
427
606
425
607
421
604
423
607
424
607
428
608
424
606
424
606
422
605
424
605
426
603
423
606
422
607
425
606
424
604
419
604
420
607
426
608
424
607
421
606
421
607
425
606
427
608
423
606
421
606
426
606
427
606
422
606
423
607
422
607
428
606
424
606
425
605
422
606
424
607
426
609
424
607
423
608
427
609
423
604
419
603
429
607
431
610
417
605
423
607
426
608
426
605
422
606
424
606
424
610
425
604
423
607
422
607
425
606
427
607
424
605
418
604
422
605
424
608
423
604
426
605
425
608
427
607
423
607
418
606
420
607
427
612
426
609
426
605
420
610
425
609
429
606
421
606
424
606
424
604
424
609
423
604
423
608
421
607
429
607
426
609
424
606
415
605
422
605
426
604
423
609
427
607
421
610
426
607
423
602
421
606
420
605
424
607
425
607
418
605
422
606
427
603
426
604
423
608
420
606
426
606
427
608
421
607
422
610
427
610
430
610
423
607
420
604
418
605
423
604
426
610
423
607
425
608
424
609
428
604
423
608
420
605
425
608
426
605
424
604
421
608
426
606
426
606
422
606
422
605
424
607
427
608
421
604
421
605
421
607
430
608
426
606
421
602
418
604
422
607
421
609
424
608
423
607
424
605
423
604
424
607
421
605
423
605
427
606
427
605
421
605
423
605
422
606
425
607
427
606
422
606
423
606
428
605
422
606
421
605
424
609
428
607
424
608
423
605
419
607
422
610
429
609
425
607
423
609
425
604
425
603
423
607
419
607
423
606
425
607
422
603
425
608
420
608
423
605
423
609
427
605
424
604
420
604
424
608
423
607
421
606
426
612
424
609
426
603
423
607
417
602
420
605
426
608
428
607
425
607
425
607
428
606
425
608
427
604
424
607
425
607
425
604
424
604
420
605
423
606
426
605
424
608
423
606
422
606
426
607
422
605
421
605
426
609
424
607
425
605
425
604
417
603
423
606
426
610
427
608
424
602
423
606
424
605
421
608
423
605
419
604
421
607
427
608
427
604
418
605
422
609
426
607
427
609
420
601
420
605
424
610
424
606
421
607
425
610
425
610
428
607
428
603
420
603
425
605
428
609
428
607
421
604
423
607
426
607
422
606
423
607
422
603
423
606
426
606
423
602
418
604
422
605
427
604
426
607
425
604
421
605
425
609
426
607
422
606
423
608
426
608
424
604
423
602
418
605
422
605
426
611
427
605
422
602
426
608
429
605
424
605
428
607
422
605
424
611
427
608
425
603
419
605
424
605
426
610
427
607
419
604
422
605
422
607
424
604
427
605
424
606
424
609
426
607
424
605
418
607
422
606
425
608
426
606
419
601
422
610
425
605
423
602
423
606
420
604
424
608
427
604
422
604
419
607
423
608
427
606
426
608
419
604
425
604
421
608
426
605
427
606
424
609
427
607
423
605
424
603
424
605
424
606
425
609
426
607
421
609
424
605
424
604
425
608
420
603
426
606
422
604
424
603
420
606
422
606
423
607
427
607
420
607
425
607
420
608
427
605
425
607
422
608
427
606
421
604
422
607
421
605
422
607
424
609
427
607
424
604
426
607
424
605
426
606
425
609
423
606
429
606
424
607
423
605
422
607
423
608
425
606
426
608
422
607
422
604
421
605
427
607