12
7
4
11
8
6
9
7
7
15
21
15
15
11
14
20
21
18
11
15
10
13
13
14
9
12
18
10
12
14
14
15
14
10
9
17
16
14
12
11
9
14
11
7
14
14
6
7
13
9
6
12
15
19
18
18
10
11
13
11
15
11
8
12
13
11
10
14
11
9
11
9
10
11
10
6
10
12
10
10
11
9
7
10
7
6
13
11
6
9
7
5
9
9
8
8
9
6
7
12
7
6
10
7
15
24
12
7
8
7
5
26
13
9
7
7
6
16
17
9
7
10
7
5
30
10
9
13
16
18
17
23
18
17
17
15
18
21
15
8
11
15
17
21
18
14
10
9
7
9
13
8
7
10
8
6
19
10
8
8
8
6
17
21
15
16
9
16
19
22
17
13
15
12
6
22
16
15
12
14
10
13
16
12
11
16
11
10
22
11
8
14
13
12
20
12
9
8
11
7
9
17
8
6
9
7
5
20
9
8
19
14
9
21
22
21
9
13
10
10
19
9
9
15
13
9
22
15
13
12
14
10
14
17
14
9
15
15
11
23
15
19
12
13
12
20
17
12
8
10
7
10
17
9
7
11
10
11
26
24
22
19
15
13
18
16
10
11
16
13
15
20
15
13
15
16
14
17
13
10
11
13
11
13
17
11
10
12
10
7
17
11
8
8
9
6
14
12
10
7
10
8
6
18
11
8
11
10
7
29
12
11
11
12
10
23
14
11
8
12
9
8
32
13
11
12
11
9
22
12
10
25
22
24
25
24
17
17
18
15
16
24
24
20
18
21
17
20
25
23
17
20
21
19
22
15
18
28
19
16
19
17
28
24
20
13
22
18
16
17
15
20
14
19
14
12
13
12
14
18
23
11
19
24
28
24
23
18
14
16
18
16
22
23
18
17
23
16
17
22
20
21
25
19
19
23
19
18
17
17
14
21
22
19
24
24
19
21
33
31
25
31
31
18
26
28
30
29
28
22
25
23
28
28
24
27
26
33
26
29
33
33
30
24
32
35
37
38
32
29
28
27
28
49
44
35
43
36
41
53
42
41
36
33
31
23
34
22
15
47
27
17
27
30
26
30
30
27
22
31
19
29
37
27
25
29
28
21
22
18
12
21
20
11
29
27